781.0,268.0,28.0,34.0,258.0,18.0,24.0,5.0
268.0,347.0,45.0,50.0,133.0,29.0,14.0,2.0
28.0,45.0,81.0,18.0,32.0,15.0,3.0,0.0
34.0,50.0,18.0,79.0,24.0,13.0,1.0,0.0
258.0,133.0,32.0,24.0,305.0,22.0,8.0,0.0
18.0,29.0,15.0,13.0,22.0,47.0,1.0,0.0
24.0,14.0,3.0,1.0,8.0,1.0,29.0,0.0
5.0,2.0,0.0,0.0,0.0,0.0,0.0,8.0
